3268
-8
9820
-8
3268
3268
3268
3268
3268
3268
3268
3268
-8
3268
3268
6544
-8
6544
-8
6544
3268
-8
3268
-3284
6544
6544
6544
3268
3268
-8
-8
-8
3268
3268
3268
-8
6544
3268
-8
3268
9820
6544
3268
3268
3268
-8
3268
-8
6544
-8
6544
3268
3268
-8
6544
-8
6544
6544
6544
-8
3268
3268
3268
-8
-3284
6544
3268
3268
3268
3268
3268
3268
3268
-8
6544
6544
6544
3268
-8
-8
3268
3268
3268
-6560
3268
3268
-8
-8
3268
6544
-3284
-8
-8
3268
6544
3268
6544
0
3268
3268
-8
3268
-8
3268
6544
-8
3268
-8
3268
-8
-8
3268
6544
3268
3268
3268
3268
-8
3268
-8
-8
3268
-8
3268
3268
3268
-3284
-8
-8
3268
6544
-8
6544
3268
6544
3268
3268
-8
3268
-8
3268
3268
3268
-3284
-8
-8
3268
-8
3268
3268
3268
6544
3268
3268
3268
3268
3268
3268
-8
6544
6544
3268
6544
3268
-8
6544
3268
3268
-8
3268
3268
3268
3268
3268
3268
3268
6544
6544
6544
3268
3268
3268
6544
3268
3268
3268
-8
-8
6544
3268
3268
3268
3268
3268
6544
3268
3268
6544
3268
3268
3268
6544
-8
3268
3268
3268
6544
3268
-8
-8
3268
3268
6544
3268
3268
-3284
6544
-8
3268
3268
-32768
3268
3268
6544
3268
3268
6544
3268
6544
-8
3268
6544
3268
-8
3268
3268
3268
-8
-8
3268
-8
3268
3268
-8
3268
3268
-8
3268
-8
3268
3268
3268
3268
-8
-8
3268
3268
3268
3268
6544
3268
-8
3268
3268
3268
3268
9820
3268
3268
3268
3268
-8
-8
3268
6544
3268
-8
-3284
3268
3268
3268
3268
-8
3268
3268
3268
-8
3268
3268
3268
3268
3268
6544
6544
3268
3268
6544
3268
3268
3268
