-3284
6544
29476
-3284
6544
-3284
-3284
-6560
3268
9820
-8
6544
3268
3268
-8
6544
-8
0
6544
6544
0
3268
3268
3268
6544
13096
3268
9820
3268
0
6544
-8
0
3268
0
-3284
3268
-8
-3284
3268
0
9820
-8
6544
6544
3268
6544
-32768
3268
0
3268
3268
0
-8
3268
13096
0
-8
-8
9820
6544
3268
9820
6544
-8
3268
6544
-8
3268
0
3268
-8
-8
6544
3268
-8
6544
0
13096
-3284
6544
-3284
29476
3268
3268
-8
3268
3268
0
3268
9820
-8
3268
-3284
6544
3268
3268
16372
19648
3268
0
3268
-8
0
0
3268
6544
6544
-8
-8
6544
-26216
3268
9820
3268
6544
6544
3268
-8
6544
3268
6544
3268
-3284
-3284
3268
-8
6544
0
3268
13096
6544
3268
-8
3268
3268
-8
3268
0
-8
3268
3268
3268
9820
0
6544
9820
6544
-8
3268
3268
-8
9820
-6560
0
6544
0
-8
3268
0
0
6544
6544
3268
6544
3268
9820
3268
3268
6544
-3284
3268
3268
0
-8
-3284
0
3268
-3284
3268
9820
9820
3268
13096
6544
3268
3268
-22940
6544
0
6544
-3284
3268
6544
9820
3268
-8
3268
6544
9820
16372
6544
6544
-8
3268
-8
-8
-3284
-13112
9820
6544
3268
6544
6544
3268
3268
-8
6544
0
6544
-8
9820
6544
0
3268
3268
6544
0
9820
3268
9820
-8
3268
6544
9820
3268
3268
3268
-9836
-3284
3268
-26216
6544
3268
13096
6544
3268
3268
0
6544
6544
-8
-8
-8
3268
-3284
0
-6560
-8
3268
6544
0
0
3268
3268
13096
-6560
-3284
-8
3268
-29492
-8
6544
3268
-8
3268
-9836
3268
6544
-8
3268
3268
-3284
6544
3268
6544
3268
9820
3268
16372
-8
3268
-8
0
-3284
6544
-13112
3268
6544
3268
